apikey=ad7a748e2584a5a61e935008fb08a6ed
lat=59.930369
lon=30.414101